12
14
16
18
20
22
24
26
28
30
32
34
36
38
40
42
44
46
48
50
53
54
56
58
60
62
64
66
68
70
72
74
76
77
79
81
83
85
87
89
91
93
95
97
99
101
103
105
107
109
111
113
115
117
119
120
122
124
126
128
130
132
134
136
138
140
142
144
146
148
150
152
154
156
158
160
162
164
166
168
170
172
174
176
178
179
181
183
185
187
189
191
193
195
197
199
201
203
205
207
209
211
213
214
215
216
219
221
223
224
226
228
230
232
234
236
238
239
241
243
245
246
249
250
252
255
257
259
260
262
264
265
267
269
271
273
275
277
279
281
283
285
287
289
291
293
295
297
299
301
303
305
307
309
311
313
315
317
319
321
323
325
327
329
330
332
334
336
338
340
342
344
346
348
350
351
354
356
358
360
362
364
366
368
370
372
374
376
378
380
382
384
385
388
390
392
394
396
398
400
402
403
405
407
409
411
412
414
415
417
419
421
422
424
425
427
429
431
432
434
436
438
440
442
444
446
448
450
452
454
456
458
460
462
464
466
470
472
474
475
476
478
480
482
484
486
488
490
492
494
496
498
500
502
503
505
507
509
511
513
515
517
519
521
523
525
527
529
531
533
535
536
540
542
545
546
548
550
552
554
556
558
560
562
564
566
568
570
572
574
576
578
579
581
583
585
587
589
591
593
595
597
664
666
668
670
672
674
676
678
680
682
683
685
686
689
691
693
695
697
698
701
703
704
706
708
